{"frames": [{"patch_path": "tactile/patch/0.pcd", "mask_path": "tactile/mask/0.pcd", "image_path": "tactile/image/0.png", "normal_path": "tactile/normal/0.npy", "transformation_matrix": [[-0.38475369513254665, -0.3681039356657476, 0.8464420161057924, 0.3912455275543223], [-0.9126837662660545, 0.014873800328526823, -0.4083957796772598, -0.08528588764631385], [0.13774228427124763, -0.9296656724926301, -0.3416852360178364, 0.36641186868131803], [0.0, 0.0, 0.0, 1.0]], "colmap_im_id": 0}, {"patch_path": "tactile/patch/1.pcd", "mask_path": "tactile/mask/1.pcd", "image_path": "tactile/image/1.png", "normal_path": "tactile/normal/1.npy", "transformation_matrix": [[0.2083327511084497, -0.5217375400917605, 0.8272771023511916, 0.43953551855076534], [-0.5990637043340952, 0.6005370656290098, 0.5296016530895751, -0.13687270589207218], [-0.7731236272195392, -0.605925054825015, -0.18744248443244138, 0.3364386730641699], [0.0, 0.0, 0.0, 1.0]], "colmap_im_id": 1}, {"patch_path": "tactile/patch/2.pcd", "mask_path": "tactile/mask/2.pcd", "image_path": "tactile/image/2.png", "normal_path": "tactile/normal/2.npy", "transformation_matrix": [[0.43472709418013783, -0.048154068132041816, 0.8992738956002383, 0.423506451077686], [-0.8332431286881687, 0.3573131607932157, 0.4219397985707364, -0.12582298765093505], [-0.34164051586374466, -0.932742456869149, 0.11520966571454921, 0.34558291744227154], [0.0, 0.0, 0.0, 1.0]], "colmap_im_id": 2}, {"patch_path": "tactile/patch/3.pcd", "mask_path": "tactile/mask/3.pcd", "image_path": "tactile/image/3.png", "normal_path": "tactile/normal/3.npy", "transformation_matrix": [[0.4347270417561926, -0.04784791924305848, 0.8992902622568641, 0.42350784494426574], [-0.8332431571288079, 0.35745677348946475, 0.42181808423124595, -0.12583324787622635], [-0.3416405132063915, -0.932703185215217, 0.11552717440265814, 0.34560969356219257], [0.0, 0.0, 0.0, 1.0]], "colmap_im_id": 3}, {"patch_path": "tactile/patch/4.pcd", "mask_path": "tactile/mask/4.pcd", "image_path": "tactile/image/4.png", "normal_path": "tactile/normal/4.npy", "transformation_matrix": [[0.5390159323008813, -0.04187341710497, 0.8412540886472797, 0.4032328243457307], [-0.8109535382963002, 0.24411814885033556, 0.5317524688486144, -0.0992636649138415], [-0.2276316837580456, -0.9688410325444721, 0.09762617583229671, 0.3705687581680881], [0.0, 0.0, 0.0, 1.0]], "colmap_im_id": 4}, {"patch_path": "tactile/patch/5.pcd", "mask_path": "tactile/mask/5.pcd", "image_path": "tactile/image/5.png", "normal_path": "tactile/normal/5.npy", "transformation_matrix": [[0.4855866182315802, -0.06295873752331255, 0.8719184787374842, 0.40696098451375456], [-0.8433169134170746, 0.22898413075880034, 0.48619219595272734, -0.09621174763927455], [-0.230265541797109, -0.9713920244834768, 0.05809746148306816, 0.3731842501991377], [0.0, 0.0, 0.0, 1.0]], "colmap_im_id": 5}], "applied_transform": [[1.0, 0.0, 0.0, 0.0], [0.0, 1.0, 0.0, 0.0], [0.0, 0.0, 1.0, 0.0]]}