{
    "w": 1280,
    "h": 720,
    "fl_x": 641.299,
    "fl_y": 641.299,
    "cx": 636.707,
    "cy": 362.299,
    "k1": 0,
    "k2": 0,
    "p1": 0,
    "p2": 0,
    "camera_model": "OPENCV",
    "frames": [
        {
            "file_path": "camera/rgb/rgb_0.png",
            "transformation_matrix": [
                [
                    0.17428391808920782,
                    -0.1869696967966637,
                    0.966782006646399,
                    0.3023229233056422
                ],
                [
                    -0.9827166819567072,
                    -0.09523704544082046,
                    0.15873823792553327,
                    -0.09974311917525709
                ],
                [
                    0.062394221683377105,
                    -0.9777383278032352,
                    -0.20033652548913494,
                    0.34681971948839097
                ],
                [
                    0,
                    0,
                    0,
                    1
                ]
            ],
            "colmap_im_id": 0,
            "depth_file_path": "camera/depth/depth_0.png"
        },
        {
            "file_path": "camera/rgb/rgb_1.png",
            "transformation_matrix": [
                [
                    0.3052297547258564,
                    0.1811490691364243,
                    0.9348902671335286,
                    0.28595910364064325
                ],
                [
                    -0.9306090630724941,
                    -0.15150156511379065,
                    0.33318770609883874,
                    -0.1423311039492093
                ],
                [
                    0.20199398148788467,
                    -0.9717161573829461,
                    0.12233617994523668,
                    0.31535300964273205
                ],
                [
                    0,
                    0,
                    0,
                    1
                ]
            ],
            "colmap_im_id": 1,
            "depth_file_path": "camera/depth/depth_1.png"
        },
        {
            "file_path": "camera/rgb/rgb_2.png",
            "transformation_matrix": [
                [
                    0.3074554755280561,
                    0.16942102244423396,
                    0.9363587174378032,
                    0.31073839316241963
                ],
                [
                    -0.9435511503900312,
                    -0.07313983123354606,
                    0.32305075713388676,
                    -0.17213891147294308
                ],
                [
                    0.12321670814246755,
                    -0.9828260691704709,
                    0.13737015903556052,
                    0.3152139293632271
                ],
                [
                    0,
                    0,
                    0,
                    1
                ]
            ],
            "colmap_im_id": 2,
            "depth_file_path": "camera/depth/depth_2.png"
        },
        {
            "file_path": "camera/rgb/rgb_3.png",
            "transformation_matrix": [
                [
                    0.4485763479085889,
                    0.11671892830661862,
                    0.8860902616956962,
                    0.3052933582733118
                ],
                [
                    -0.8699077952675929,
                    -0.17042778090409172,
                    0.4628334465321006,
                    -0.18644299500494466
                ],
                [
                    0.20503582084520888,
                    -0.9784329630951021,
                    0.025084834049084237,
                    0.31439051727008216
                ],
                [
                    0,
                    0,
                    0,
                    1
                ]
            ],
            "colmap_im_id": 3,
            "depth_file_path": "camera/depth/depth_3.png"
        },
        {
            "file_path": "camera/rgb/rgb_4.png",
            "transformation_matrix": [
                [
                    0.54046592523174,
                    0.13457098345475005,
                    0.8305343063807904,
                    0.3295741104564825
                ],
                [
                    -0.8159905837441218,
                    -0.15676637571631286,
                    0.5564024359092069,
                    -0.2037414380302892
                ],
                [
                    0.20507547611629873,
                    -0.9784247308080439,
                    0.025081771047518464,
                    0.3375906041591663
                ],
                [
                    0,
                    0,
                    0,
                    1
                ]
            ],
            "colmap_im_id": 4,
            "depth_file_path": "camera/depth/depth_4.png"
        },
        {
            "file_path": "camera/rgb/rgb_5.png",
            "transformation_matrix": [
                [
                    0.6021836658614727,
                    0.1464444624853125,
                    0.7848113480174876,
                    0.3499272990201856
                ],
                [
                    -0.7715534788906855,
                    -0.14583430722618168,
                    0.6192233716903297,
                    -0.24604081668605274
                ],
                [
                    0.2051342530669093,
                    -0.978410125787365,
                    0.025170696760988986,
                    0.3457558347482219
                ],
                [
                    0,
                    0,
                    0,
                    1
                ]
            ],
            "colmap_im_id": 5,
            "depth_file_path": "camera/depth/depth_5.png"
        },
        {
            "file_path": "camera/rgb/rgb_6.png",
            "transformation_matrix": [
                [
                    0.743403333309316,
                    0.1293760932463408,
                    0.656211330686169,
                    0.3843580531039869
                ],
                [
                    -0.6400368911271125,
                    -0.14722770166650623,
                    0.7541066117322799,
                    -0.25979470205049776
                ],
                [
                    0.19417585334160192,
                    -0.9806048288471318,
                    -0.026644091666790937,
                    0.33715898027911656
                ],
                [
                    0,
                    0,
                    0,
                    1
                ]
            ],
            "colmap_im_id": 6,
            "depth_file_path": "camera/depth/depth_6.png"
        },
        {
            "file_path": "camera/rgb/rgb_7.png",
            "transformation_matrix": [
                [
                    0.7905672953845166,
                    0.12583627100524225,
                    0.5993067531472561,
                    0.3720992342654205
                ],
                [
                    -0.5536675225375771,
                    -0.27125837622437743,
                    0.7873189746317666,
                    -0.288818611205266
                ],
                [
                    0.2616402605783609,
                    -0.9542453176346268,
                    -0.14477654442926208,
                    0.37206094813479784
                ],
                [
                    0,
                    0,
                    0,
                    1
                ]
            ],
            "colmap_im_id": 7,
            "depth_file_path": "camera/depth/depth_7.png"
        },
        {
            "file_path": "camera/rgb/rgb_8.png",
            "transformation_matrix": [
                [
                    0.9092974898007776,
                    0.13049711793281038,
                    0.3951563959411961,
                    0.4149956019690739
                ],
                [
                    -0.34762840950799895,
                    -0.28379676822943944,
                    0.8936519922461232,
                    -0.24034129735165305
                ],
                [
                    0.2287631175363375,
                    -0.9499631027328148,
                    -0.2126911834122417,
                    0.36132415717130895
                ],
                [
                    0,
                    0,
                    0,
                    1
                ]
            ],
            "colmap_im_id": 8,
            "depth_file_path": "camera/depth/depth_8.png"
        },
        {
            "file_path": "camera/rgb/rgb_9.png",
            "transformation_matrix": [
                [
                    0.9625727517832621,
                    0.051648673017826385,
                    0.2660565956707264,
                    0.4503429514271201
                ],
                [
                    -0.2501084260425378,
                    -0.20886845692324235,
                    0.9454204053885384,
                    -0.2848388505001528
                ],
                [
                    0.10440053997428912,
                    -0.9765789175883337,
                    -0.1881333170256549,
                    0.3735047508513322
                ],
                [
                    0,
                    0,
                    0,
                    1
                ]
            ],
            "colmap_im_id": 9,
            "depth_file_path": "camera/depth/depth_9.png"
        },
        {
            "file_path": "camera/rgb/rgb_10.png",
            "transformation_matrix": [
                [
                    0.9998271001257677,
                    -0.017331057660543242,
                    0.006738270880978847,
                    0.45611049435836615
                ],
                [
                    -0.010494807860751236,
                    -0.22680062112406735,
                    0.9738846632254271,
                    -0.28684646954905013
                ],
                [
                    -0.015350207231970392,
                    -0.9737869955478481,
                    -0.2269432934453703,
                    0.3609432044513263
                ],
                [
                    0,
                    0,
                    0,
                    1
                ]
            ],
            "colmap_im_id": 10,
            "depth_file_path": "camera/depth/depth_10.png"
        },
        {
            "file_path": "camera/rgb/rgb_11.png",
            "transformation_matrix": [
                [
                    0.9984993468261523,
                    -0.00294693410746142,
                    -0.05468427531854193,
                    0.47519145028352106
                ],
                [
                    0.05258765366227925,
                    -0.22708527907049092,
                    0.9724540167595452,
                    -0.27932101918007174
                ],
                [
                    -0.015283751831405207,
                    -0.973870418284098,
                    -0.22658953047551078,
                    0.36110515880165717
                ],
                [
                    0,
                    0,
                    0,
                    1
                ]
            ],
            "colmap_im_id": 11,
            "depth_file_path": "camera/depth/depth_11.png"
        },
        {
            "file_path": "camera/rgb/rgb_12.png",
            "transformation_matrix": [
                [
                    0.9917285772211649,
                    0.12276535406940788,
                    -0.037457935916135235,
                    0.4788214703321044
                ],
                [
                    0.0914608860057262,
                    -0.4711664481448098,
                    0.8772896240544807,
                    -0.2817938418093629
                ],
                [
                    0.0900518486980247,
                    -0.8734591266812761,
                    -0.4784974593069967,
                    0.3832565128319705
                ],
                [
                    0,
                    0,
                    0,
                    1
                ]
            ],
            "colmap_im_id": 12,
            "depth_file_path": "camera/depth/depth_12.png"
        },
        {
            "file_path": "camera/rgb/rgb_13.png",
            "transformation_matrix": [
                [
                    0.9794005230543925,
                    0.20161104474384656,
                    0.011296108979511846,
                    0.47202213186941927
                ],
                [
                    0.10413372237671696,
                    -0.552214104200498,
                    0.8271733500216326,
                    -0.27480443812266103
                ],
                [
                    0.17300515398320115,
                    -0.8089577057914316,
                    -0.5618332910534161,
                    0.41119921080364896
                ],
                [
                    0,
                    0,
                    0,
                    1
                ]
            ],
            "colmap_im_id": 13,
            "depth_file_path": "camera/depth/depth_13.png"
        },
        {
            "file_path": "camera/rgb/rgb_14.png",
            "transformation_matrix": [
                [
                    0.9739173292738987,
                    -0.21107399449362446,
                    -0.0832634649080937,
                    0.43375196953599277
                ],
                [
                    -0.059136616099607575,
                    -0.5903937574072384,
                    0.804946005549969,
                    -0.23980741567029987
                ],
                [
                    -0.21906139864495433,
                    -0.7790269443755257,
                    -0.5874769132150199,
                    0.4646614766665047
                ],
                [
                    0,
                    0,
                    0,
                    1
                ]
            ],
            "colmap_im_id": 14,
            "depth_file_path": "camera/depth/depth_14.png"
        },
        {
            "file_path": "camera/rgb/rgb_15.png",
            "transformation_matrix": [
                [
                    -0.9607014569986733,
                    -0.16272247547178387,
                    0.2248868748881557,
                    0.43875398183199465
                ],
                [
                    -0.26896774042150334,
                    0.3454101067041405,
                    -0.8990818721335588,
                    0.048791941152941457
                ],
                [
                    0.06862262843390002,
                    -0.9242365791089254,
                    -0.37560308931617425,
                    0.37419436495641
                ],
                [
                    0,
                    0,
                    0,
                    1
                ]
            ],
            "colmap_im_id": 15,
            "depth_file_path": "camera/depth/depth_15.png"
        },
        {
            "file_path": "camera/rgb/rgb_16.png",
            "transformation_matrix": [
                [
                    -0.9618002338028604,
                    -0.1485789595119591,
                    0.22992303722573554,
                    0.41073267659284396
                ],
                [
                    -0.2688629300352947,
                    0.3546636661182414,
                    -0.8955034387362256,
                    0.039404463391089245
                ],
                [
                    0.051507621859289546,
                    -0.9231131982188926,
                    -0.3810629713898849,
                    0.3773907554335765
                ],
                [
                    0,
                    0,
                    0,
                    1
                ]
            ],
            "colmap_im_id": 16,
            "depth_file_path": "camera/depth/depth_16.png"
        },
        {
            "file_path": "camera/rgb/rgb_17.png",
            "transformation_matrix": [
                [
                    -0.9298760137355129,
                    -0.2560385724765213,
                    0.2641492920367895,
                    0.39469531169735506
                ],
                [
                    -0.33222285663608586,
                    0.27610856699986974,
                    -0.9018824938748045,
                    0.04544729732911226
                ],
                [
                    0.15798282377496184,
                    -0.9263953306410084,
                    -0.3418085995972392,
                    0.3865821262681
                ],
                [
                    0,
                    0,
                    0,
                    1
                ]
            ],
            "colmap_im_id": 17,
            "depth_file_path": "camera/depth/depth_17.png"
        },
        {
            "file_path": "camera/rgb/rgb_18.png",
            "transformation_matrix": [
                [
                    -0.9298760137355129,
                    -0.2560385724765213,
                    0.2641492920367895,
                    0.39469531169735506
                ],
                [
                    -0.33222285663608586,
                    0.27610856699986974,
                    -0.9018824938748045,
                    0.04544729732911226
                ],
                [
                    0.15798282377496184,
                    -0.9263953306410084,
                    -0.3418085995972392,
                    0.3865821262681
                ],
                [
                    0,
                    0,
                    0,
                    1
                ]
            ],
            "colmap_im_id": 18,
            "depth_file_path": "camera/depth/depth_18.png"
        },
        {
            "file_path": "camera/rgb/rgb_19.png",
            "transformation_matrix": [
                [
                    -0.9241921371505077,
                    -0.2654326976686788,
                    0.2746167814200461,
                    0.3733532003454392
                ],
                [
                    -0.35165315977142503,
                    0.31082087605439757,
                    -0.8830234641455175,
                    0.04347402605941211
                ],
                [
                    0.14902667161266875,
                    -0.9126532013953084,
                    -0.38059845655355096,
                    0.37828684599174334
                ],
                [
                    0,
                    0,
                    0,
                    1
                ]
            ],
            "colmap_im_id": 19,
            "depth_file_path": "camera/depth/depth_19.png"
        },
        {
            "file_path": "camera/rgb/rgb_20.png",
            "transformation_matrix": [
                [
                    -0.8589744312524951,
                    -0.27486053618011075,
                    0.43198913424441054,
                    0.34338652985806223
                ],
                [
                    -0.5024650427984946,
                    0.2902891544151424,
                    -0.8144084279981693,
                    0.05060945967052774
                ],
                [
                    0.09844697669283853,
                    -0.916615455073568,
                    -0.38745877238787113,
                    0.37550637455712976
                ],
                [
                    0,
                    0,
                    0,
                    1
                ]
            ],
            "colmap_im_id": 20,
            "depth_file_path": "camera/depth/depth_20.png"
        },
        {
            "file_path": "camera/rgb/rgb_21.png",
            "transformation_matrix": [
                [
                    -0.8215712877716512,
                    -0.24830451969271783,
                    0.5131914697356139,
                    0.333775428238773
                ],
                [
                    -0.5636262684799046,
                    0.2184307783591241,
                    -0.7966262765844759,
                    0.021994467755548447
                ],
                [
                    0.08570909280029348,
                    -0.9437334690290454,
                    -0.3194074057465713,
                    0.3806336797891167
                ],
                [
                    0,
                    0,
                    0,
                    1
                ]
            ],
            "colmap_im_id": 21,
            "depth_file_path": "camera/depth/depth_21.png"
        },
        {
            "file_path": "camera/rgb/rgb_22.png",
            "transformation_matrix": [
                [
                    -0.7858827561746787,
                    -0.26259617827547566,
                    0.5598495697081542,
                    0.33844570861277
                ],
                [
                    -0.6160744501923939,
                    0.2544557214899657,
                    -0.7454559394230895,
                    0.001591726958065684
                ],
                [
                    0.0532969545793226,
                    -0.9307499841290012,
                    -0.361751159882638,
                    0.37522074690444884
                ],
                [
                    0,
                    0,
                    0,
                    1
                ]
            ],
            "colmap_im_id": 22,
            "depth_file_path": "camera/depth/depth_22.png"
        },
        {
            "file_path": "camera/rgb/rgb_23.png",
            "transformation_matrix": [
                [
                    -0.7255141667881715,
                    -0.2770457398074499,
                    0.6299800408300316,
                    0.32926249717842415
                ],
                [
                    -0.6881592517932056,
                    0.30285270485452903,
                    -0.6593307844577797,
                    -0.015334191628971733
                ],
                [
                    -0.008126374411809856,
                    -0.9118804182659251,
                    -0.4103755168404675,
                    0.3968321718124219
                ],
                [
                    0,
                    0,
                    0,
                    1
                ]
            ],
            "colmap_im_id": 23,
            "depth_file_path": "camera/depth/depth_23.png"
        },
        {
            "file_path": "camera/rgb/rgb_24.png",
            "transformation_matrix": [
                [
                    -0.6193668165102925,
                    -0.3714862455566601,
                    0.6916521640016191,
                    0.32813261176968617
                ],
                [
                    -0.7806060466651068,
                    0.3855307133695757,
                    -0.4919555558773773,
                    -0.037416889263646974
                ],
                [
                    -0.08389842975752843,
                    -0.8446088079169924,
                    -0.5287693401411037,
                    0.3934597292932402
                ],
                [
                    0,
                    0,
                    0,
                    1
                ]
            ],
            "colmap_im_id": 24,
            "depth_file_path": "camera/depth/depth_24.png"
        },
        {
            "file_path": "camera/rgb/rgb_25.png",
            "transformation_matrix": [
                [
                    -0.6489008626211388,
                    -0.41475459364187434,
                    0.6378920735849489,
                    0.33164061397993516
                ],
                [
                    -0.7608676054826298,
                    0.356862722756582,
                    -0.5419681577674914,
                    -0.07125599459116189
                ],
                [
                    -0.002856119162675752,
                    -0.8370350196734441,
                    -0.5471418631612883,
                    0.38732713679894115
                ],
                [
                    0,
                    0,
                    0,
                    1
                ]
            ],
            "colmap_im_id": 25,
            "depth_file_path": "camera/depth/depth_25.png"
        },
        {
            "file_path": "camera/rgb/rgb_26.png",
            "transformation_matrix": [
                [
                    -0.6489008626211388,
                    -0.41475459364187434,
                    0.6378920735849489,
                    0.33164061397993516
                ],
                [
                    -0.7608676054826298,
                    0.356862722756582,
                    -0.5419681577674914,
                    -0.07125599459116189
                ],
                [
                    -0.002856119162675752,
                    -0.8370350196734441,
                    -0.5471418631612883,
                    0.38732713679894115
                ],
                [
                    0,
                    0,
                    0,
                    1
                ]
            ],
            "colmap_im_id": 26,
            "depth_file_path": "camera/depth/depth_26.png"
        },
        {
            "file_path": "camera/rgb/rgb_27.png",
            "transformation_matrix": [
                [
                    -0.5909513065307885,
                    -0.4890767858557772,
                    0.641545361487819,
                    0.3217079956639901
                ],
                [
                    -0.8040666266216481,
                    0.2928061225508103,
                    -0.5174373725872952,
                    -0.0506071236685699
                ],
                [
                    0.06521819732894624,
                    -0.8216255060145969,
                    -0.5662844820436284,
                    0.3950277623370646
                ],
                [
                    0,
                    0,
                    0,
                    1
                ]
            ],
            "colmap_im_id": 27,
            "depth_file_path": "camera/depth/depth_27.png"
        },
        {
            "file_path": "camera/rgb/rgb_28.png",
            "transformation_matrix": [
                [
                    -0.5909513065307885,
                    -0.4890767858557772,
                    0.641545361487819,
                    0.3217079956639901
                ],
                [
                    -0.8040666266216481,
                    0.2928061225508103,
                    -0.5174373725872952,
                    -0.0506071236685699
                ],
                [
                    0.06521819732894624,
                    -0.8216255060145969,
                    -0.5662844820436284,
                    0.3950277623370646
                ],
                [
                    0,
                    0,
                    0,
                    1
                ]
            ],
            "colmap_im_id": 28,
            "depth_file_path": "camera/depth/depth_28.png"
        },
        {
            "file_path": "camera/rgb/rgb_29.png",
            "transformation_matrix": [
                [
                    -0.44398513982818966,
                    -0.5643473943073407,
                    0.6959807570258376,
                    0.3407510472748025
                ],
                [
                    -0.8885399983686046,
                    0.1770472923648633,
                    -0.4232622444364617,
                    -0.030493315170944016
                ],
                [
                    0.11564543618692141,
                    -0.8063288874924337,
                    -0.5800515996739869,
                    0.3876642606371311
                ],
                [
                    0,
                    0,
                    0,
                    1
                ]
            ],
            "colmap_im_id": 29,
            "depth_file_path": "camera/depth/depth_29.png"
        },
        {
            "file_path": "camera/rgb/rgb_30.png",
            "transformation_matrix": [
                [
                    -0.35600821922077425,
                    -0.5553625692470873,
                    0.7515521036671561,
                    0.33962018076488576
                ],
                [
                    -0.933408125746337,
                    0.17277228710535977,
                    -0.3144821260407241,
                    -0.07215896012590756
                ],
                [
                    0.044804225670843856,
                    -0.8134630621531981,
                    -0.5798882891336732,
                    0.3957834339931624
                ],
                [
                    0,
                    0,
                    0,
                    1
                ]
            ],
            "colmap_im_id": 30,
            "depth_file_path": "camera/depth/depth_30.png"
        },
        {
            "file_path": "camera/rgb/rgb_31.png",
            "transformation_matrix": [
                [
                    -0.2633794315886688,
                    -0.5184899982244625,
                    0.8135105388114077,
                    0.34451592527431135
                ],
                [
                    -0.9643991083654503,
                    0.16230460562242946,
                    -0.20878595445496895,
                    -0.05993454935373893
                ],
                [
                    -0.023783078016826054,
                    -0.8395387642836659,
                    -0.542778986757134,
                    0.3907118938266015
                ],
                [
                    0,
                    0,
                    0,
                    1
                ]
            ],
            "colmap_im_id": 31,
            "depth_file_path": "camera/depth/depth_31.png"
        }
    ],
    "applied_transform": [
        [
            1,
            0,
            0,
            0
        ],
        [
            0,
            1,
            0,
            0
        ],
        [
            0,
            0,
            1,
            0
        ]
    ]
}