{
    "w": 1280,
    "h": 720,
    "fl_x": 641.299,
    "fl_y": 641.299,
    "cx": 636.707,
    "cy": 362.299,
    "k1": 0,
    "k2": 0,
    "p1": 0,
    "p2": 0,
    "camera_model": "OPENCV",
    "ply_file_path": "merged_pcd.ply",
    "object_pc_path": "object.ply",
    "mesh_aabb": false,
    "frames": [
        {
            "file_path": "images/rgb_0.png",
            "transform_matrix": [
                [
                    0.17428391808920782,
                    -0.1869696967966637,
                    0.966782006646399,
                    0.3023229233056422
                ],
                [
                    -0.9827166819567072,
                    -0.09523704544082046,
                    0.15873823792553327,
                    -0.09974311917525709
                ],
                [
                    0.062394221683377105,
                    -0.9777383278032352,
                    -0.20033652548913494,
                    0.34681971948839097
                ],
                [
                    0,
                    0,
                    0,
                    1
                ]
            ],
            "colmap_im_id": 0,
            "depth_file_path": "realsense_depth/depth_0.png"
        },
        {
            "file_path": "images/rgb_11.png",
            "transform_matrix": [
                [
                    0.9984993468261523,
                    -0.00294693410746142,
                    -0.05468427531854193,
                    0.47519145028352106
                ],
                [
                    0.05258765366227925,
                    -0.22708527907049092,
                    0.9724540167595452,
                    -0.27932101918007174
                ],
                [
                    -0.015283751831405207,
                    -0.973870418284098,
                    -0.22658953047551078,
                    0.36110515880165717
                ],
                [
                    0,
                    0,
                    0,
                    1
                ]
            ],
            "colmap_im_id": 11,
            "depth_file_path": "realsense_depth/depth_11.png"
        },
        {
            "file_path": "images/rgb_15.png",
            "transform_matrix": [
                [
                    -0.9607014569986733,
                    -0.16272247547178387,
                    0.2248868748881557,
                    0.43875398183199465
                ],
                [
                    -0.26896774042150334,
                    0.3454101067041405,
                    -0.8990818721335588,
                    0.048791941152941457
                ],
                [
                    0.06862262843390002,
                    -0.9242365791089254,
                    -0.37560308931617425,
                    0.37419436495641
                ],
                [
                    0,
                    0,
                    0,
                    1
                ]
            ],
            "colmap_im_id": 15,
            "depth_file_path": "realsense_depth/depth_15.png"
        },
        {
            "file_path": "images/rgb_29.png",
            "transform_matrix": [
                [
                    -0.44398513982818966,
                    -0.5643473943073407,
                    0.6959807570258376,
                    0.3407510472748025
                ],
                [
                    -0.8885399983686046,
                    0.1770472923648633,
                    -0.4232622444364617,
                    -0.030493315170944016
                ],
                [
                    0.11564543618692141,
                    -0.8063288874924337,
                    -0.5800515996739869,
                    0.3876642606371311
                ],
                [
                    0,
                    0,
                    0,
                    1
                ]
            ],
            "colmap_im_id": 29,
            "depth_file_path": "realsense_depth/depth_29.png"
        }
    ]
}