{
    "w": 1280,
    "h": 720,
    "fl_x": 643.8514673968568,
    "fl_y": 645.0273545445089,
    "cx": 641.3304132303027,
    "cy": 359.8297045748899,
    "k1": -0.037450888491269915,
    "k2": 0.02451564267371937,
    "p1": -0.0004809770342516453,
    "p2": 0.0015294632732897554,
    "camera_model": "OPENCV",
    "load_depths": false,
    "frames": [
        {
            "file_path": "images/frame_00052.png",
            "transform_matrix": [
                [
                    0.4495804662789339,
                    -0.8427146817254765,
                    0.29615767682899,
                    2.6322599439094665
                ],
                [
                    0.10870748493080565,
                    -0.2774708109628009,
                    -0.9545641056438608,
                    -2.494225669374833
                ],
                [
                    0.8866002972368294,
                    0.46134793189953044,
                    -0.03313606300680886,
                    -1.3183522663349108
                ],
                [
                    0.0,
                    0.0,
                    0.0,
                    1.0
                ]
            ],
            "colmap_im_id": 52
        },
        {
            "file_path": "images/frame_00051.png",
            "transform_matrix": [
                [
                    0.42644692853499017,
                    -0.8284784063936933,
                    0.3629966215854344,
                    2.980778026539304
                ],
                [
                    0.034929204465995296,
                    -0.38593441601907996,
                    -0.9218647282586444,
                    -1.635927951700492
                ],
                [
                    0.9038379101467503,
                    0.4058055651064655,
                    -0.1356424546746945,
                    -1.4653630203511319
                ],
                [
                    0.0,
                    0.0,
                    0.0,
                    1.0
                ]
            ],
            "colmap_im_id": 51
        },
        {
            "file_path": "images/frame_00049.png",
            "transform_matrix": [
                [
                    0.40073873519583175,
                    -0.8299904747959839,
                    0.3879745840407362,
                    3.5906178067638166
                ],
                [
                    0.20284414629939476,
                    -0.3325796419756357,
                    -0.9210021900383448,
                    -0.49749022780611707
                ],
                [
                    0.893455493253981,
                    0.4477796260341634,
                    0.03508116421942189,
                    -1.1645638915696737
                ],
                [
                    0.0,
                    0.0,
                    0.0,
                    1.0
                ]
            ],
            "colmap_im_id": 50
        },
        {
            "file_path": "images/frame_00050.png",
            "transform_matrix": [
                [
                    0.4720108796359216,
                    -0.8085174395917347,
                    0.35143317911282784,
                    3.20159206764255
                ],
                [
                    0.1949936446013931,
                    -0.29301395854586215,
                    -0.936012979964674,
                    -0.19396070282691022
                ],
                [
                    0.8597576449618748,
                    0.5103355464528305,
                    0.019349985950943296,
                    0.03462084720588915
                ],
                [
                    0.0,
                    0.0,
                    0.0,
                    1.0
                ]
            ],
            "colmap_im_id": 49
        },
        {
            "file_path": "images/frame_00046.png",
            "transform_matrix": [
                [
                    0.3675960644638281,
                    -0.7688484852585754,
                    0.5232065940967285,
                    4.237469737595494
                ],
                [
                    0.2741179424337422,
                    -0.4480248788901756,
                    -0.850960082219686,
                    -0.6057889997175719
                ],
                [
                    0.8886689411848466,
                    0.45622989228133365,
                    0.04606298256046827,
                    -1.578527835182439
                ],
                [
                    0.0,
                    0.0,
                    0.0,
                    1.0
                ]
            ],
            "colmap_im_id": 46
        },
        {
            "file_path": "images/frame_00013.png",
            "transform_matrix": [
                [
                    0.27642493890996966,
                    -0.6572314952517949,
                    0.7011676082062755,
                    5.645600151592694
                ],
                [
                    0.276898387635209,
                    -0.6441883556784179,
                    -0.7129857258973407,
                    0.19337657788512136
                ],
                [
                    0.9202806833100655,
                    0.3912392158992065,
                    0.003916614473379228,
                    -1.8036002903147617
                ],
                [
                    0.0,
                    0.0,
                    0.0,
                    1.0
                ]
            ],
            "colmap_im_id": 13
        },
        {
            "file_path": "images/frame_00011.png",
            "transform_matrix": [
                [
                    0.9036626390994406,
                    0.42564235859991156,
                    0.04714252073593863,
                    -1.1127356268966218
                ],
                [
                    0.039454038819855056,
                    0.02686678898994173,
                    -0.9988601275805192,
                    -1.4308316716037266
                ],
                [
                    -0.42642374877184724,
                    0.9044925418237973,
                    0.007485203303202947,
                    1.2749644841125651
                ],
                [
                    0.0,
                    0.0,
                    0.0,
                    1.0
                ]
            ],
            "colmap_im_id": 12
        },
        {
            "file_path": "images/frame_00012.png",
            "transform_matrix": [
                [
                    0.8814736475240207,
                    0.47194425328546247,
                    0.01651758189099314,
                    -0.6757997133850642
                ],
                [
                    0.007422084423595628,
                    0.021127639509902898,
                    -0.9997492363145614,
                    -0.780308489266907
                ],
                [
                    -0.4721748843209552,
                    0.8813752008308191,
                    0.015120647371251216,
                    2.2041237983120716
                ],
                [
                    0.0,
                    0.0,
                    0.0,
                    1.0
                ]
            ],
            "colmap_im_id": 11
        },
        {
            "file_path": "images/frame_00010.png",
            "transform_matrix": [
                [
                    0.9925607529556831,
                    0.1116662273333737,
                    -0.04851603204280575,
                    -1.1539931064127984
                ],
                [
                    -0.04967456106647235,
                    0.007614577164357767,
                    -0.9987364297938978,
                    -0.9592070052364499
                ],
                [
                    -0.11115570014578902,
                    0.993716595356915,
                    0.013104901272428348,
                    0.6108189804246845
                ],
                [
                    0.0,
                    0.0,
                    0.0,
                    1.0
                ]
            ],
            "colmap_im_id": 10
        },
        {
            "file_path": "images/frame_00009.png",
            "transform_matrix": [
                [
                    0.9837566853896438,
                    -0.023757569298661494,
                    -0.17792796815621933,
                    -0.7368828901387381
                ],
                [
                    -0.17788782137139222,
                    0.003809685789384423,
                    -0.9840433980785226,
                    -0.7812689314917727
                ],
                [
                    0.024056328874559635,
                    0.9997104901896376,
                    -0.0004783783790779185,
                    0.09356049752558493
                ],
                [
                    0.0,
                    0.0,
                    0.0,
                    1.0
                ]
            ],
            "colmap_im_id": 9
        },
        {
            "file_path": "images/frame_00008.png",
            "transform_matrix": [
                [
                    0.9950886055519641,
                    -0.040700269313404196,
                    -0.09023389151789865,
                    -0.6028429909296927
                ],
                [
                    -0.09062716191069335,
                    -0.007919562761876296,
                    -0.995853401886881,
                    -1.8768369977289625
                ],
                [
                    0.039816888686341464,
                    0.9991400145142207,
                    -0.011569216562171454,
                    -0.22388177401353757
                ],
                [
                    0.0,
                    0.0,
                    0.0,
                    1.0
                ]
            ],
            "colmap_im_id": 8
        },
        {
            "file_path": "images/frame_00007.png",
            "transform_matrix": [
                [
                    0.9995280065857362,
                    -0.005905555666338979,
                    -0.030147777082500743,
                    -0.09229381929570993
                ],
                [
                    -0.030201428246064296,
                    -0.009216714477781218,
                    -0.9995013386214813,
                    -1.8201172243467247
                ],
                [
                    0.005624747340300277,
                    0.9999400864984397,
                    -0.009390720464956629,
                    0.3883599909420808
                ],
                [
                    0.0,
                    0.0,
                    0.0,
                    1.0
                ]
            ],
            "colmap_im_id": 7
        },
        {
            "file_path": "images/frame_00006.png",
            "transform_matrix": [
                [
                    0.9973708398070558,
                    -0.023982365034920152,
                    0.06838314170832112,
                    0.5656528385254908
                ],
                [
                    0.06896238966515858,
                    0.02421965266819547,
                    -0.9973252213978662,
                    -1.681673942390655
                ],
                [
                    0.022262001577560652,
                    0.9994189584913644,
                    0.025809856524143547,
                    0.25401422047946304
                ],
                [
                    0.0,
                    0.0,
                    0.0,
                    1.0
                ]
            ],
            "colmap_im_id": 6
        },
        {
            "file_path": "images/frame_00035.png",
            "transform_matrix": [
                [
                    0.44132160707683493,
                    -0.5857460641955374,
                    0.6798064337784377,
                    4.999611966114137
                ],
                [
                    0.4196272815435004,
                    -0.5349245136703789,
                    -0.7333271502262283,
                    0.3350334529528737
                ],
                [
                    0.793188617991668,
                    0.608898442233142,
                    0.009721282555371979,
                    -0.8119418537387976
                ],
                [
                    0.0,
                    0.0,
                    0.0,
                    1.0
                ]
            ],
            "colmap_im_id": 35
        },
        {
            "file_path": "images/frame_00005.png",
            "transform_matrix": [
                [
                    0.9409087697385509,
                    -0.3296406673160176,
                    0.07763837633887853,
                    -0.3540146593575016
                ],
                [
                    0.0796289523347245,
                    -0.00748112257166074,
                    -0.996796500171997,
                    -0.5101073488847626
                ],
                [
                    0.3291654857046238,
                    0.9440768312253609,
                    0.019209887150129314,
                    -0.06086469044725243
                ],
                [
                    0.0,
                    0.0,
                    0.0,
                    1.0
                ]
            ],
            "colmap_im_id": 5
        },
        {
            "file_path": "images/frame_00004.png",
            "transform_matrix": [
                [
                    0.9433828488504469,
                    -0.31769688324018297,
                    0.09538076784283339,
                    1.1896940574159771
                ],
                [
                    0.06376163142861493,
                    -0.1085021376340661,
                    -0.9920492631348503,
                    -1.31291916184437
                ],
                [
                    0.3255199761187881,
                    0.9419638934207148,
                    -0.08210218413240832,
                    0.29001724834661224
                ],
                [
                    0.0,
                    0.0,
                    0.0,
                    1.0
                ]
            ],
            "colmap_im_id": 4
        },
        {
            "file_path": "images/frame_00002.png",
            "transform_matrix": [
                [
                    0.2627983101948522,
                    -0.6730539675893956,
                    0.6913287241760637,
                    5.873119873631136
                ],
                [
                    0.20257323122122575,
                    -0.662054812168272,
                    -0.7215590839823347,
                    0.5734574522295436
                ],
                [
                    0.9433457129553953,
                    0.32966920146869555,
                    -0.03764416889334263,
                    -1.3205898739213755
                ],
                [
                    0.0,
                    0.0,
                    0.0,
                    1.0
                ]
            ],
            "colmap_im_id": 3
        },
        {
            "file_path": "images/frame_00003.png",
            "transform_matrix": [
                [
                    0.9161256121322714,
                    -0.3353247820222117,
                    0.21970697157128902,
                    1.842784176793109
                ],
                [
                    0.1902025706593112,
                    -0.1188693065030499,
                    -0.9745219700376556,
                    -0.8145036661727045
                ],
                [
                    0.3528977825232977,
                    0.9345733671217258,
                    -0.04511958063744733,
                    0.03966163968666899
                ],
                [
                    0.0,
                    0.0,
                    0.0,
                    1.0
                ]
            ],
            "colmap_im_id": 2
        },
        {
            "file_path": "images/frame_00001.png",
            "transform_matrix": [
                [
                    0.43503800257024844,
                    -0.5655047419995742,
                    0.7006756190247262,
                    7.2194918635013225
                ],
                [
                    0.15335538163875778,
                    -0.7202675379241193,
                    -0.6765329265713226,
                    0.5660993097139271
                ],
                [
                    0.8872564810933302,
                    0.4017699100091026,
                    -0.22662055548682744,
                    1.160254658751106
                ],
                [
                    0.0,
                    0.0,
                    0.0,
                    1.0
                ]
            ],
            "colmap_im_id": 1
        },
        {
            "file_path": "images/frame_00014.png",
            "transform_matrix": [
                [
                    0.8549444352177878,
                    0.5120494948694001,
                    0.08291759459927825,
                    -0.14082209413819052
                ],
                [
                    0.020568718474866764,
                    0.12625972489762027,
                    -0.9917839531314665,
                    -1.5168374106789748
                ],
                [
                    -0.5183116249038213,
                    0.8496256803279721,
                    0.09741284728818278,
                    2.464930351065755
                ],
                [
                    0.0,
                    0.0,
                    0.0,
                    1.0
                ]
            ],
            "colmap_im_id": 14
        },
        {
            "file_path": "images/frame_00015.png",
            "transform_matrix": [
                [
                    -0.6152009623785556,
                    -0.23819846129144492,
                    -0.7515246296209355,
                    -0.9540366597234411
                ],
                [
                    0.5030894438849773,
                    0.6153228609441206,
                    -0.6068597764319578,
                    0.2457755708000921
                ],
                [
                    0.6069833501340878,
                    -0.7514248264716353,
                    -0.25871208480097957,
                    -2.083578929826491
                ],
                [
                    0.0,
                    0.0,
                    0.0,
                    1.0
                ]
            ],
            "colmap_im_id": 15
        },
        {
            "file_path": "images/frame_00016.png",
            "transform_matrix": [
                [
                    -0.504291967878932,
                    -0.20448916361287126,
                    -0.8389718666902383,
                    -1.97183133044404
                ],
                [
                    0.5866175273766991,
                    0.6318433891751398,
                    -0.5066101145162034,
                    1.8453799220350464
                ],
                [
                    0.6336951062673931,
                    -0.7476350135731888,
                    -0.19867661858451308,
                    -1.278245124345594
                ],
                [
                    0.0,
                    0.0,
                    0.0,
                    1.0
                ]
            ],
            "colmap_im_id": 16
        },
        {
            "file_path": "images/frame_00017.png",
            "transform_matrix": [
                [
                    -0.4524214990967063,
                    -0.22230779117790184,
                    -0.8636515692897764,
                    -1.929835888782151
                ],
                [
                    0.6069549304328752,
                    0.6327771524252455,
                    -0.48083135067487226,
                    2.3034245044468724
                ],
                [
                    0.653391536200397,
                    -0.7417360186415397,
                    -0.1513511779653045,
                    -0.3731656510850108
                ],
                [
                    0.0,
                    0.0,
                    0.0,
                    1.0
                ]
            ],
            "colmap_im_id": 17
        },
        {
            "file_path": "images/frame_00018.png",
            "transform_matrix": [
                [
                    -0.5221922508639025,
                    -0.19724245310378913,
                    -0.8297051692205424,
                    -2.4890924037831974
                ],
                [
                    0.5785273361115594,
                    0.6328778686150378,
                    -0.5145597387951657,
                    1.5095180424201322
                ],
                [
                    0.6265950642235798,
                    -0.7487062295125402,
                    -0.21637376777179204,
                    -1.8485204635317216
                ],
                [
                    0.0,
                    0.0,
                    0.0,
                    1.0
                ]
            ],
            "colmap_im_id": 18
        },
        {
            "file_path": "images/frame_00019.png",
            "transform_matrix": [
                [
                    -0.389192185965806,
                    -0.24299445798741984,
                    -0.8885286353126485,
                    -1.4183463644123773
                ],
                [
                    0.63062015184294,
                    0.6328189691398135,
                    -0.449286519257379,
                    3.1968895478833184
                ],
                [
                    0.6714519092777566,
                    -0.7351828654724102,
                    -0.09305099592713233,
                    0.5976762339335554
                ],
                [
                    0.0,
                    0.0,
                    0.0,
                    1.0
                ]
            ],
            "colmap_im_id": 19
        },
        {
            "file_path": "images/frame_00021.png",
            "transform_matrix": [
                [
                    -0.49230719588614563,
                    -0.38680621988357305,
                    -0.7797528923563546,
                    -3.696102322909068
                ],
                [
                    0.29351262592285104,
                    0.7695920493429762,
                    -0.5670788446168225,
                    2.1156021604124384
                ],
                [
                    0.8194412506718173,
                    -0.508044314846115,
                    -0.2653431944669937,
                    -1.657662009081733
                ],
                [
                    0.0,
                    0.0,
                    0.0,
                    1.0
                ]
            ],
            "colmap_im_id": 20
        },
        {
            "file_path": "images/frame_00020.png",
            "transform_matrix": [
                [
                    -0.463884301958982,
                    -0.20643597530347685,
                    -0.8615077147051736,
                    -2.1160628434664694
                ],
                [
                    0.6069385025097868,
                    0.6343252634348674,
                    -0.47880801407188667,
                    2.459194463964177
                ],
                [
                    0.6453193074495807,
                    -0.74499372364389,
                    -0.16895959032859129,
                    -0.8188877368140047
                ],
                [
                    0.0,
                    0.0,
                    0.0,
                    1.0
                ]
            ],
            "colmap_im_id": 21
        },
        {
            "file_path": "images/frame_00022.png",
            "transform_matrix": [
                [
                    -0.4942748478363445,
                    -0.4475301323917779,
                    -0.7452577778176871,
                    -3.6053058707439543
                ],
                [
                    0.25578536024890325,
                    0.744478278673167,
                    -0.6167057175559323,
                    0.6996598036526345
                ],
                [
                    0.830822619022074,
                    -0.49544815388215646,
                    -0.25350523177257267,
                    -1.2440850442436644
                ],
                [
                    0.0,
                    0.0,
                    0.0,
                    1.0
                ]
            ],
            "colmap_im_id": 22
        },
        {
            "file_path": "images/frame_00023.png",
            "transform_matrix": [
                [
                    -0.2413835185718618,
                    -0.7224085193939912,
                    -0.6479659929879419,
                    -4.0746532080042295
                ],
                [
                    0.2629649429777353,
                    0.5940360592965074,
                    -0.7602437760483098,
                    0.24084187161955112
                ],
                [
                    0.934121745666262,
                    -0.3539026580324853,
                    0.046577600957517146,
                    1.1266107855857443
                ],
                [
                    0.0,
                    0.0,
                    0.0,
                    1.0
                ]
            ],
            "colmap_im_id": 23
        },
        {
            "file_path": "images/frame_00024.png",
            "transform_matrix": [
                [
                    0.3717133441567459,
                    -0.5445729701890863,
                    0.7518440462723937,
                    5.725107372190468
                ],
                [
                    0.44114808395996147,
                    -0.6089747986353253,
                    -0.659195011089677,
                    -0.6940612298783687
                ],
                [
                    0.8168338618068324,
                    0.5767061424733582,
                    0.013873263467382779,
                    -1.6039962614865413
                ],
                [
                    0.0,
                    0.0,
                    0.0,
                    1.0
                ]
            ],
            "colmap_im_id": 24
        },
        {
            "file_path": "images/frame_00025.png",
            "transform_matrix": [
                [
                    -0.15408006114557854,
                    -0.7192872628740056,
                    -0.6774106348623383,
                    -3.2977082359271512
                ],
                [
                    0.2859154931349377,
                    0.6238078986713168,
                    -0.7274036268404782,
                    1.3859097423522955
                ],
                [
                    0.94578626842579,
                    -0.30576059102261316,
                    0.10953901329992963,
                    2.7645007364141496
                ],
                [
                    0.0,
                    0.0,
                    0.0,
                    1.0
                ]
            ],
            "colmap_im_id": 25
        },
        {
            "file_path": "images/frame_00026.png",
            "transform_matrix": [
                [
                    -0.16064154141208656,
                    -0.7165956224683605,
                    -0.6787378058071687,
                    -3.2127075216161924
                ],
                [
                    0.29999468421770914,
                    0.6196867694992279,
                    -0.7252527126103888,
                    1.4798904090381249
                ],
                [
                    0.9403177572575474,
                    -0.3201234473867721,
                    0.11542743962915572,
                    2.8750421292880017
                ],
                [
                    0.0,
                    0.0,
                    0.0,
                    1.0
                ]
            ],
            "colmap_im_id": 26
        },
        {
            "file_path": "images/frame_00027.png",
            "transform_matrix": [
                [
                    0.021614702337743995,
                    -0.6840516542300982,
                    -0.7291132552545704,
                    -1.873092403250847
                ],
                [
                    0.5168781536757896,
                    0.6319025208689802,
                    -0.5775259114292055,
                    2.129481871934593
                ],
                [
                    0.8557860590682446,
                    -0.3643796625286505,
                    0.36722974095237576,
                    2.4588908211460163
                ],
                [
                    0.0,
                    0.0,
                    0.0,
                    1.0
                ]
            ],
            "colmap_im_id": 27
        },
        {
            "file_path": "images/frame_00028.png",
            "transform_matrix": [
                [
                    0.10138182778140051,
                    -0.679337666574276,
                    -0.7267888687707867,
                    -1.0245490330148712
                ],
                [
                    0.525593119552109,
                    0.6568496063478887,
                    -0.5406481918217295,
                    3.112270326936351
                ],
                [
                    0.8446736634198939,
                    -0.3271833269193898,
                    0.4236478170730664,
                    3.7094122895776898
                ],
                [
                    0.0,
                    0.0,
                    0.0,
                    1.0
                ]
            ],
            "colmap_im_id": 28
        }
    ],
    "applied_transform": [
        [
            1.0,
            0.0,
            0.0,
            0.0
        ],
        [
            0.0,
            0.0,
            1.0,
            0.0
        ],
        [
            -0.0,
            -1.0,
            -0.0,
            -0.0
        ]
    ],
    "ply_file_path": "sparse_pc.ply"
}