{
    "w": 1280,
    "h": 720,
    "fl_x": 641.299,
    "fl_y": 641.299,
    "cx": 636.707,
    "cy": 362.299,
    "k1": 0,
    "k2": 0,
    "p1": 0,
    "p2": 0,
    "camera_model": "OPENCV",
    "ply_file_path": "merged_pcd.ply",
    "frames": [
        {
            "file_path": "images/rgb_0.png",
            "transform_matrix": [
                [
                    -0.1078133014622704,
                    -0.6726380657860234,
                    0.7320753543751102,
                    0.30822054911796026
                ],
                [
                    -0.9140537943462224,
                    -0.2225425562037062,
                    -0.33908770505518815,
                    -0.11109201286010105
                ],
                [
                    0.3910012187565144,
                    -0.7057144203811891,
                    -0.5908343285532441,
                    0.349346143387924
                ],
                [
                    0,
                    0,
                    0,
                    1
                ]
            ],
            "colmap_im_id": 0,
            "depth_file_path": "realsense_depth/depth_0.png",
            "mask_path": "mask_imgs/rgb_0.png"
        },
        {
            "file_path": "images/rgb_5.png",
            "transform_matrix": [
                [
                    -0.03932288729855439,
                    -0.8810827572018752,
                    0.4713246073525623,
                    0.3575385872113406
                ],
                [
                    -0.9613043438042329,
                    -0.09535640000298141,
                    -0.2584591177760711,
                    -0.018179921726206014
                ],
                [
                    0.272667689904064,
                    -0.4632497511494348,
                    -0.8432389927786595,
                    0.32855258202673304
                ],
                [
                    0,
                    0,
                    0,
                    1
                ]
            ],
            "colmap_im_id": 5,
            "depth_file_path": "realsense_depth/depth_5.png",
            "mask_path": "mask_imgs/rgb_5.png"
        },
        {
            "file_path": "images/rgb_10.png",
            "transform_matrix": [
                [
                    -0.7388353279072568,
                    -0.635309151757842,
                    0.2247323740116413,
                    0.4311361465217302
                ],
                [
                    -0.6528940875696005,
                    0.5922545267730435,
                    -0.47219051868234035,
                    -0.03310317568761662
                ],
                [
                    0.16688819207132582,
                    -0.49559747498304524,
                    -0.8523681564544716,
                    0.34477632715621515
                ],
                [
                    0,
                    0,
                    0,
                    1
                ]
            ],
            "colmap_im_id": 10,
            "depth_file_path": "realsense_depth/depth_10.png",
            "mask_path": "mask_imgs/rgb_10.png"
        },
        {
            "file_path": "images/rgb_15.png",
            "transform_matrix": [
                [
                    -0.9221709734132665,
                    -0.3805194873180027,
                    -0.06932254730802229,
                    0.49029474217343694
                ],
                [
                    -0.2867462411776072,
                    0.7928743744619969,
                    -0.5377051417756863,
                    0.002442080087768403
                ],
                [
                    0.2595713562096984,
                    -0.4759780941311708,
                    -0.840278266375322,
                    0.35559527645943
                ],
                [
                    0,
                    0,
                    0,
                    1
                ]
            ],
            "colmap_im_id": 15,
            "depth_file_path": "realsense_depth/depth_15.png",
            "mask_path": "mask_imgs/rgb_15.png"
        },
        {
            "file_path": "images/rgb_20.png",
            "transform_matrix": [
                [
                    -0.9802559542511431,
                    0.18203393621603728,
                    0.07721340700212838,
                    0.501515043280509
                ],
                [
                    0.13614577094141952,
                    0.9045407505158025,
                    -0.4040672712693706,
                    -0.06152470397553137
                ],
                [
                    -0.1433966290048242,
                    -0.3855770697564941,
                    -0.9114646071395469,
                    0.38690650661119264
                ],
                [
                    0,
                    0,
                    0,
                    1
                ]
            ],
            "colmap_im_id": 20,
            "depth_file_path": "realsense_depth/depth_20.png",
            "mask_path": "mask_imgs/rgb_20.png"
        },
        {
            "file_path": "images/rgb_30.png",
            "transform_matrix": [
                [
                    0.4404222453491924,
                    -0.5969827402121385,
                    -0.670551902309122,
                    0.5789135757694528
                ],
                [
                    -0.8777226193998618,
                    -0.12927557638495032,
                    -0.46140094142099874,
                    -0.08364142723376092
                ],
                [
                    0.18876241467893168,
                    0.7917698107651903,
                    -0.5809210940957764,
                    0.31616919131681387
                ],
                [
                    0,
                    0,
                    0,
                    1
                ]
            ],
            "colmap_im_id": 30,
            "depth_file_path": "realsense_depth/depth_30.png",
            "mask_path": "mask_imgs/rgb_30.png"
        },
        {
            "file_path": "images/rgb_40.png",
            "transform_matrix": [
                [
                    0.9303068580392546,
                    -0.34411341610534996,
                    0.12694529034760205,
                    0.36640995053179226
                ],
                [
                    -0.12386946001207166,
                    0.031005786894814924,
                    0.9918139936779232,
                    -0.2628926932191835
                ],
                [
                    -0.3452325401254182,
                    -0.9384160047843068,
                    -0.013780246848729083,
                    0.25738407334174107
                ],
                [
                    0,
                    0,
                    0,
                    1
                ]
            ],
            "colmap_im_id": 40,
            "depth_file_path": "realsense_depth/depth_40.png",
            "mask_path": "mask_imgs/rgb_40.png"
        },
        {
            "file_path": "images/rgb_45.png",
            "transform_matrix": [
                [
                    0.9328029202717567,
                    -0.23437421911861617,
                    0.2737652960932453,
                    0.30205261145648143
                ],
                [
                    -0.3199764536592174,
                    -0.18910823020419448,
                    0.9283604614441033,
                    -0.27522616046840015
                ],
                [
                    -0.16581248757603895,
                    -0.953575798078777,
                    -0.2513949408446193,
                    0.3051803441516866
                ],
                [
                    0,
                    0,
                    0,
                    1
                ]
            ],
            "colmap_im_id": 45,
            "depth_file_path": "realsense_depth/depth_45.png",
            "mask_path": "mask_imgs/rgb_45.png"
        },
        {
            "file_path": "images/rgb_50.png",
            "transform_matrix": [
                [
                    0.7114241998957345,
                    0.028563117572525387,
                    0.7021821388480713,
                    0.25724597199984134
                ],
                [
                    -0.7010289240978572,
                    -0.04130130617565009,
                    0.7119358466086576,
                    -0.19472867203624533
                ],
                [
                    0.049336146798415526,
                    -0.9987383793680522,
                    -0.009359177119912576,
                    0.24672942291650896
                ],
                [
                    0,
                    0,
                    0,
                    1
                ]
            ],
            "colmap_im_id": 50,
            "depth_file_path": "realsense_depth/depth_50.png",
            "mask_path": "mask_imgs/rgb_50.png"
        }
    ],
    "applied_transform": [
        [
            1,
            0,
            0,
            0
        ],
        [
            0,
            1,
            0,
            0
        ],
        [
            0,
            0,
            1,
            0
        ]
    ]
}
