{
    "w": 1280,
    "h": 720,
    "fl_x": 641.299,
    "fl_y": 641.299,
    "cx": 636.707,
    "cy": 362.299,
    "k1": 0,
    "k2": 0,
    "p1": 0,
    "p2": 0,
    "camera_model": "OPENCV",
    "frames": [
        {
            "file_path": "images/rgb_0.png",
            "transform_matrix": [
                [
                    -0.1078133014622704,
                    -0.6726380657860234,
                    0.7320753543751102,
                    0.30822054911796026
                ],
                [
                    -0.9140537943462224,
                    -0.2225425562037062,
                    -0.33908770505518815,
                    -0.11109201286010105
                ],
                [
                    0.3910012187565144,
                    -0.7057144203811891,
                    -0.5908343285532441,
                    0.349346143387924
                ],
                [
                    0,
                    0,
                    0,
                    1
                ]
            ],
            "colmap_im_id": 0,
            "depth_file_path": "metric3d_depth_result/rgb_0.png"
        },
        {
            "file_path": "images/rgb_1.png",
            "transform_matrix": [
                [
                    0.074171651203091,
                    -0.7486591061931581,
                    0.6587929180492674,
                    0.3199939062275902
                ],
                [
                    -0.9352192515621555,
                    -0.2815638034040382,
                    -0.21467830845284325,
                    -0.05136560706953345
                ],
                [
                    0.3462131101869613,
                    -0.6001927751370504,
                    -0.7210444611866575,
                    0.3122748777252074
                ],
                [
                    0,
                    0,
                    0,
                    1
                ]
            ],
            "colmap_im_id": 1,
            "depth_file_path": "metric3d_depth_result/rgb_1.png"
        },
        {
            "file_path": "images/rgb_2.png",
            "transform_matrix": [
                [
                    0.05415231313444227,
                    -0.754111829730863,
                    0.6545096448809287,
                    0.32157563381096493
                ],
                [
                    -0.9598593950516511,
                    -0.21996667075992013,
                    -0.17402472665077032,
                    -0.03476867581705316
                ],
                [
                    0.2752044125977411,
                    -0.6188133903001509,
                    -0.7357530287208918,
                    0.31345213203220385
                ],
                [
                    0,
                    0,
                    0,
                    1
                ]
            ],
            "colmap_im_id": 2,
            "depth_file_path": "metric3d_depth_result/rgb_2.png"
        },
        {
            "file_path": "images/rgb_3.png",
            "transform_matrix": [
                [
                    -0.06845067978797031,
                    -0.7094234130654218,
                    0.7014505865926501,
                    0.3212954973835763
                ],
                [
                    -0.9923334438726168,
                    -0.024105456073876312,
                    -0.12121577108356385,
                    -0.027216668250220684
                ],
                [
                    0.10290209234256265,
                    -0.7043701782316445,
                    -0.70233454379622,
                    0.33587567828626935
                ],
                [
                    0,
                    0,
                    0,
                    1
                ]
            ],
            "colmap_im_id": 3,
            "depth_file_path": "metric3d_depth_result/rgb_3.png"
        },
        {
            "file_path": "images/rgb_4.png",
            "transform_matrix": [
                [
                    -0.1419937010161739,
                    -0.7591923875254378,
                    0.6351887180949887,
                    0.34572180358190846
                ],
                [
                    -0.9829836875913323,
                    0.032600517119160365,
                    -0.1807768685781171,
                    -0.05257451564761952
                ],
                [
                    0.11653694178703983,
                    -0.6500493250569443,
                    -0.7509028007618131,
                    0.321241577500696
                ],
                [
                    0,
                    0,
                    0,
                    1
                ]
            ],
            "colmap_im_id": 4,
            "depth_file_path": "metric3d_depth_result/rgb_4.png"
        },
        {
            "file_path": "images/rgb_5.png",
            "transform_matrix": [
                [
                    -0.03932288729855439,
                    -0.8810827572018752,
                    0.4713246073525623,
                    0.3575385872113406
                ],
                [
                    -0.9613043438042329,
                    -0.09535640000298141,
                    -0.2584591177760711,
                    -0.018179921726206014
                ],
                [
                    0.272667689904064,
                    -0.4632497511494348,
                    -0.8432389927786595,
                    0.32855258202673304
                ],
                [
                    0,
                    0,
                    0,
                    1
                ]
            ],
            "colmap_im_id": 5,
            "depth_file_path": "metric3d_depth_result/rgb_5.png"
        },
        {
            "file_path": "images/rgb_6.png",
            "transform_matrix": [
                [
                    -0.06920726944228273,
                    -0.9354309266299506,
                    0.34666891317303783,
                    0.37695564595064684
                ],
                [
                    -0.9388744477689629,
                    -0.056396380889723326,
                    -0.339608921480379,
                    -0.023474162134517536
                ],
                [
                    0.3372315601821222,
                    -0.348981990547898,
                    -0.8743491551378995,
                    0.3289797105961361
                ],
                [
                    0,
                    0,
                    0,
                    1
                ]
            ],
            "colmap_im_id": 6,
            "depth_file_path": "metric3d_depth_result/rgb_6.png"
        },
        {
            "file_path": "images/rgb_7.png",
            "transform_matrix": [
                [
                    -0.1475988529001205,
                    -0.9359876900300245,
                    0.31959603053671914,
                    0.3965342775710957
                ],
                [
                    -0.929873850455592,
                    0.021230779995982458,
                    -0.3672654029712758,
                    -0.049423696203619014
                ],
                [
                    0.3369706231431161,
                    -0.3513919436939628,
                    -0.8734841160808356,
                    0.33650921836743974
                ],
                [
                    0,
                    0,
                    0,
                    1
                ]
            ],
            "colmap_im_id": 7,
            "depth_file_path": "metric3d_depth_result/rgb_7.png"
        },
        {
            "file_path": "images/rgb_8.png",
            "transform_matrix": [
                [
                    -0.09144650816136507,
                    -0.92308606412434,
                    0.3735634542678504,
                    0.3886183462127101
                ],
                [
                    -0.8632309581726666,
                    -0.11353986370290331,
                    -0.49187499652109395,
                    0.0012560052218141965
                ],
                [
                    0.4964572982617875,
                    -0.3674517894496652,
                    -0.7864536435371416,
                    0.34633567278585276
                ],
                [
                    0,
                    0,
                    0,
                    1
                ]
            ],
            "colmap_im_id": 8,
            "depth_file_path": "metric3d_depth_result/rgb_8.png"
        },
        {
            "file_path": "images/rgb_9.png",
            "transform_matrix": [
                [
                    -0.11649477255493446,
                    -0.9526392488458704,
                    0.2809046626984863,
                    0.398636227934573
                ],
                [
                    -0.8982584126385547,
                    -0.01961195494179912,
                    -0.4390298342338766,
                    0.013443118056293453
                ],
                [
                    0.4237461410932711,
                    -0.3034696571022169,
                    -0.853431529255174,
                    0.366173713333934
                ],
                [
                    0,
                    0,
                    0,
                    1
                ]
            ],
            "colmap_im_id": 9,
            "depth_file_path": "metric3d_depth_result/rgb_9.png"
        },
        {
            "file_path": "images/rgb_10.png",
            "transform_matrix": [
                [
                    -0.7388353279072568,
                    -0.635309151757842,
                    0.2247323740116413,
                    0.4311361465217302
                ],
                [
                    -0.6528940875696005,
                    0.5922545267730435,
                    -0.47219051868234035,
                    -0.03310317568761662
                ],
                [
                    0.16688819207132582,
                    -0.49559747498304524,
                    -0.8523681564544716,
                    0.34477632715621515
                ],
                [
                    0,
                    0,
                    0,
                    1
                ]
            ],
            "colmap_im_id": 10,
            "depth_file_path": "metric3d_depth_result/rgb_10.png"
        },
        {
            "file_path": "images/rgb_11.png",
            "transform_matrix": [
                [
                    -0.7744842363291475,
                    -0.6211975104866346,
                    0.1195316721328063,
                    0.4494027234760449
                ],
                [
                    -0.5744642436754591,
                    0.6115257319866059,
                    -0.5440837360706794,
                    -0.027160876581420967
                ],
                [
                    0.26488676904677594,
                    -0.4900509484568451,
                    -0.8304727975680519,
                    0.35639634059223985
                ],
                [
                    0,
                    0,
                    0,
                    1
                ]
            ],
            "colmap_im_id": 11,
            "depth_file_path": "metric3d_depth_result/rgb_11.png"
        },
        {
            "file_path": "images/rgb_12.png",
            "transform_matrix": [
                [
                    -0.7704531258017302,
                    -0.6332862141235408,
                    0.07314746710185321,
                    0.4848811052231093
                ],
                [
                    -0.587942728855752,
                    0.6615176478782541,
                    -0.4655295362608846,
                    -0.020008861475306068
                ],
                [
                    0.24642509719587324,
                    -0.40167520778197824,
                    -0.8820043644593316,
                    0.32884212778403077
                ],
                [
                    0,
                    0,
                    0,
                    1
                ]
            ],
            "colmap_im_id": 12,
            "depth_file_path": "metric3d_depth_result/rgb_12.png"
        },
        {
            "file_path": "images/rgb_13.png",
            "transform_matrix": [
                [
                    -0.9279236867131115,
                    -0.3664069263750071,
                    0.06858276708596382,
                    0.4652510435440871
                ],
                [
                    -0.35472116949822224,
                    0.8113665453028691,
                    -0.4646043704842874,
                    -0.0173817436511933
                ],
                [
                    0.11458849657169302,
                    -0.45544515967096155,
                    -0.8828585294291105,
                    0.362435332636376
                ],
                [
                    0,
                    0,
                    0,
                    1
                ]
            ],
            "colmap_im_id": 13,
            "depth_file_path": "metric3d_depth_result/rgb_13.png"
        },
        {
            "file_path": "images/rgb_14.png",
            "transform_matrix": [
                [
                    -0.9373012159884584,
                    -0.3482986286929174,
                    -0.01242963222264458,
                    0.48261655907143153
                ],
                [
                    -0.2911669184689829,
                    0.8021587346433554,
                    -0.5213091117798032,
                    -0.014125713782523766
                ],
                [
                    0.1915417868138271,
                    -0.4850045666651026,
                    -0.8532773958204696,
                    0.3645206327092789
                ],
                [
                    0,
                    0,
                    0,
                    1
                ]
            ],
            "colmap_im_id": 14,
            "depth_file_path": "metric3d_depth_result/rgb_14.png"
        },
        {
            "file_path": "images/rgb_15.png",
            "transform_matrix": [
                [
                    -0.9221709734132665,
                    -0.3805194873180027,
                    -0.06932254730802229,
                    0.49029474217343694
                ],
                [
                    -0.2867462411776072,
                    0.7928743744619969,
                    -0.5377051417756863,
                    0.002442080087768403
                ],
                [
                    0.2595713562096984,
                    -0.4759780941311708,
                    -0.840278266375322,
                    0.35559527645943
                ],
                [
                    0,
                    0,
                    0,
                    1
                ]
            ],
            "colmap_im_id": 15,
            "depth_file_path": "metric3d_depth_result/rgb_15.png"
        },
        {
            "file_path": "images/rgb_16.png",
            "transform_matrix": [
                [
                    -0.9189533245801613,
                    -0.3624481976541699,
                    -0.15542229975235966,
                    0.4966370992411141
                ],
                [
                    -0.22592613545447693,
                    0.8068690076375571,
                    -0.5458202871207603,
                    -0.018572778605725426
                ],
                [
                    0.3232370160759344,
                    -0.46646940792642294,
                    -0.8233614776676756,
                    0.3353907834836313
                ],
                [
                    0,
                    0,
                    0,
                    1
                ]
            ],
            "colmap_im_id": 16,
            "depth_file_path": "metric3d_depth_result/rgb_16.png"
        },
        {
            "file_path": "images/rgb_17.png",
            "transform_matrix": [
                [
                    -0.9712931021787163,
                    -0.23545177462102818,
                    -0.033943651657623086,
                    0.5109216986161385
                ],
                [
                    -0.1862168482867359,
                    0.841338877346631,
                    -0.5074171645493138,
                    -0.023801233984380693
                ],
                [
                    0.14803038564497595,
                    -0.4865299120228059,
                    -0.8610317355550146,
                    0.3448957838611999
                ],
                [
                    0,
                    0,
                    0,
                    1
                ]
            ],
            "colmap_im_id": 17,
            "depth_file_path": "metric3d_depth_result/rgb_17.png"
        },
        {
            "file_path": "images/rgb_18.png",
            "transform_matrix": [
                [
                    -0.9940886735063591,
                    0.08463575858314387,
                    0.0680036585443998,
                    0.5155364155869517
                ],
                [
                    0.04067728852609026,
                    0.8710652287072492,
                    -0.48948005632032937,
                    -0.03183097746481845
                ],
                [
                    -0.10066313826089834,
                    -0.4838203754558538,
                    -0.8693588309146137,
                    0.3650426500580319
                ],
                [
                    0,
                    0,
                    0,
                    1
                ]
            ],
            "colmap_im_id": 18,
            "depth_file_path": "metric3d_depth_result/rgb_18.png"
        },
        {
            "file_path": "images/rgb_19.png",
            "transform_matrix": [
                [
                    -0.9898194563925472,
                    0.13707085454659293,
                    0.03832785645753173,
                    0.5126742391381146
                ],
                [
                    0.100619959959392,
                    0.8643664877397917,
                    -0.4926928034081146,
                    -0.06289778570636004
                ],
                [
                    -0.10066313826089837,
                    -0.483820375455854,
                    -0.8693588309146137,
                    0.3650426500580319
                ],
                [
                    0,
                    0,
                    0,
                    1
                ]
            ],
            "colmap_im_id": 19,
            "depth_file_path": "metric3d_depth_result/rgb_19.png"
        },
        {
            "file_path": "images/rgb_20.png",
            "transform_matrix": [
                [
                    -0.9802559542511431,
                    0.18203393621603728,
                    0.07721340700212838,
                    0.501515043280509
                ],
                [
                    0.13614577094141952,
                    0.9045407505158025,
                    -0.4040672712693706,
                    -0.06152470397553137
                ],
                [
                    -0.1433966290048242,
                    -0.3855770697564941,
                    -0.9114646071395469,
                    0.38690650661119264
                ],
                [
                    0,
                    0,
                    0,
                    1
                ]
            ],
            "colmap_im_id": 20,
            "depth_file_path": "metric3d_depth_result/rgb_20.png"
        },
        {
            "file_path": "images/rgb_21.png",
            "transform_matrix": [
                [
                    0.7681492709314253,
                    0.003424844211505629,
                    -0.6402616402765726,
                    0.4820217972508375
                ],
                [
                    -0.5968610723481074,
                    -0.3581055690373373,
                    -0.7179953076029904,
                    0.014209171800191787
                ],
                [
                    -0.23174028109715322,
                    0.9336748212662545,
                    -0.27303437558380933,
                    0.28592030112314115
                ],
                [
                    0,
                    0,
                    0,
                    1
                ]
            ],
            "colmap_im_id": 21,
            "depth_file_path": "metric3d_depth_result/rgb_21.png"
        },
        {
            "file_path": "images/rgb_22.png",
            "transform_matrix": [
                [
                    0.6687940912154273,
                    0.03396479015140963,
                    -0.7426714324553635,
                    0.5141576224339265
                ],
                [
                    -0.6899964252847698,
                    -0.3435759994306954,
                    -0.6370717900750575,
                    -0.01699610411104529
                ],
                [
                    -0.27680208931576,
                    0.9385104824375536,
                    -0.20634601451266416,
                    0.25794062876968404
                ],
                [
                    0,
                    0,
                    0,
                    1
                ]
            ],
            "colmap_im_id": 22,
            "depth_file_path": "metric3d_depth_result/rgb_22.png"
        },
        {
            "file_path": "images/rgb_23.png",
            "transform_matrix": [
                [
                    0.6263007225427675,
                    0.01368506622477822,
                    -0.7794614319546739,
                    0.5207967897496897
                ],
                [
                    -0.7287917212923534,
                    -0.34471050931256475,
                    -0.5916394947476045,
                    -0.041955475075739976
                ],
                [
                    -0.27678517286541193,
                    0.9386092817205121,
                    -0.20591887808058873,
                    0.2602500285203685
                ],
                [
                    0,
                    0,
                    0,
                    1
                ]
            ],
            "colmap_im_id": 23,
            "depth_file_path": "metric3d_depth_result/rgb_23.png"
        },
        {
            "file_path": "images/rgb_24.png",
            "transform_matrix": [
                [
                    0.6841495454458186,
                    0.04200940681826487,
                    -0.7281309011469415,
                    0.5222879418978962
                ],
                [
                    -0.6747796636022787,
                    -0.3424159194024833,
                    -0.65377652430211,
                    0.002711117209208115
                ],
                [
                    -0.27678837593922734,
                    0.9386088364587931,
                    -0.20591660221166103,
                    0.25563343772004266
                ],
                [
                    0,
                    0,
                    0,
                    1
                ]
            ],
            "colmap_im_id": 24,
            "depth_file_path": "metric3d_depth_result/rgb_24.png"
        },
        {
            "file_path": "images/rgb_25.png",
            "transform_matrix": [
                [
                    0.572083383680523,
                    -0.011218765987629942,
                    -0.8201187361634646,
                    0.5164761324567466
                ],
                [
                    -0.7720808228816258,
                    -0.3448007996092609,
                    -0.5338572950960266,
                    -0.07774605463290928
                ],
                [
                    -0.27678837593922767,
                    0.9386088364587931,
                    -0.2059166022116617,
                    0.2556334377200427
                ],
                [
                    0,
                    0,
                    0,
                    1
                ]
            ],
            "colmap_im_id": 25,
            "depth_file_path": "metric3d_depth_result/rgb_25.png"
        },
        {
            "file_path": "images/rgb_26.png",
            "transform_matrix": [
                [
                    0.6343923233526507,
                    0.029882528921932272,
                    -0.7724334369616943,
                    0.5218395934449825
                ],
                [
                    -0.719523192248499,
                    -0.3424144269691654,
                    -0.6041843559873986,
                    -0.03374239133916978
                ],
                [
                    -0.282546909181034,
                    0.9390736896903288,
                    -0.19572391127206862,
                    0.25036525450544334
                ],
                [
                    0,
                    0,
                    0,
                    1
                ]
            ],
            "colmap_im_id": 26,
            "depth_file_path": "metric3d_depth_result/rgb_26.png"
        },
        {
            "file_path": "images/rgb_27.png",
            "transform_matrix": [
                [
                    0.7159696482371012,
                    -0.2129619117334779,
                    -0.6648568920858565,
                    0.5531583818695387
                ],
                [
                    -0.6948530515082362,
                    -0.12519389460351893,
                    -0.7081706895683384,
                    -0.0010407114636558912
                ],
                [
                    0.06757736020986871,
                    0.9690065597842079,
                    -0.23761226290374893,
                    0.2395705716607688
                ],
                [
                    0,
                    0,
                    0,
                    1
                ]
            ],
            "colmap_im_id": 27,
            "depth_file_path": "metric3d_depth_result/rgb_27.png"
        },
        {
            "file_path": "images/rgb_28.png",
            "transform_matrix": [
                [
                    0.7230984446527031,
                    -0.27379646320259393,
                    -0.6341641239289659,
                    0.5536838171319911
                ],
                [
                    -0.6827822398816563,
                    -0.14431609191225703,
                    -0.716227113782606,
                    0.009389087207039327
                ],
                [
                    0.10458036260709064,
                    0.9508987129831044,
                    -0.29129810401725215,
                    0.2761502863048487
                ],
                [
                    0,
                    0,
                    0,
                    1
                ]
            ],
            "colmap_im_id": 28,
            "depth_file_path": "metric3d_depth_result/rgb_28.png"
        },
        {
            "file_path": "images/rgb_29.png",
            "transform_matrix": [
                [
                    0.520238492509903,
                    -0.5823514414446748,
                    -0.6246748830858606,
                    0.5841866969457374
                ],
                [
                    -0.8328989504829521,
                    -0.18430237493902393,
                    -0.5218351970461869,
                    -0.029372090009114116
                ],
                [
                    0.18876241467893154,
                    0.7917698107651904,
                    -0.5809210940957766,
                    0.31616919131681387
                ],
                [
                    0,
                    0,
                    0,
                    1
                ]
            ],
            "colmap_im_id": 29,
            "depth_file_path": "metric3d_depth_result/rgb_29.png"
        },
        {
            "file_path": "images/rgb_30.png",
            "transform_matrix": [
                [
                    0.4404222453491924,
                    -0.5969827402121385,
                    -0.670551902309122,
                    0.5789135757694528
                ],
                [
                    -0.8777226193998618,
                    -0.12927557638495032,
                    -0.46140094142099874,
                    -0.08364142723376092
                ],
                [
                    0.18876241467893168,
                    0.7917698107651903,
                    -0.5809210940957764,
                    0.31616919131681387
                ],
                [
                    0,
                    0,
                    0,
                    1
                ]
            ],
            "colmap_im_id": 30,
            "depth_file_path": "metric3d_depth_result/rgb_30.png"
        },
        {
            "file_path": "images/rgb_31.png",
            "transform_matrix": [
                [
                    0.44508340995484663,
                    -0.5904134842014027,
                    -0.6732849885866504,
                    0.5778080641352756
                ],
                [
                    -0.8785090629445927,
                    -0.14216605834704057,
                    -0.4560818327649978,
                    -0.08790327844151818
                ],
                [
                    0.17355859099214746,
                    0.7944814217634204,
                    -0.5819593507845668,
                    0.316044081402525
                ],
                [
                    0,
                    0,
                    0,
                    1
                ]
            ],
            "colmap_im_id": 31,
            "depth_file_path": "metric3d_depth_result/rgb_31.png"
        },
        {
            "file_path": "images/rgb_32.png",
            "transform_matrix": [
                [
                    0.24623711980086338,
                    -0.5502577917214231,
                    -0.7978619200601305,
                    0.5430764758423495
                ],
                [
                    -0.9687873561854232,
                    -0.16403478775589864,
                    -0.1858592125807469,
                    -0.09694106161163821
                ],
                [
                    -0.028606630829812962,
                    0.8187239773304188,
                    -0.5734742449463852,
                    0.3026319268438741
                ],
                [
                    0,
                    0,
                    0,
                    1
                ]
            ],
            "colmap_im_id": 32,
            "depth_file_path": "metric3d_depth_result/rgb_32.png"
        },
        {
            "file_path": "images/rgb_33.png",
            "transform_matrix": [
                [
                    0.16641513380520584,
                    -0.5618017243545937,
                    -0.8103609231403011,
                    0.5333624782357538
                ],
                [
                    -0.985640737750405,
                    -0.11861648897377314,
                    -0.12017680570880773,
                    -0.14090455936538276
                ],
                [
                    -0.028606630829813018,
                    0.8187239773304188,
                    -0.5734742449463853,
                    0.3026319268438741
                ],
                [
                    0,
                    0,
                    0,
                    1
                ]
            ],
            "colmap_im_id": 33,
            "depth_file_path": "metric3d_depth_result/rgb_33.png"
        },
        {
            "file_path": "images/rgb_34.png",
            "transform_matrix": [
                [
                    -0.3672009415520489,
                    -0.7234209777798715,
                    -0.5846584964159026,
                    0.5364466937392123
                ],
                [
                    -0.9298224979741918,
                    0.26902938609400523,
                    0.2511041849092066,
                    -0.21740124734961658
                ],
                [
                    -0.02436371860622144,
                    0.63583431672559,
                    -0.7714409445251007,
                    0.3398607743813698
                ],
                [
                    0,
                    0,
                    0,
                    1
                ]
            ],
            "colmap_im_id": 34,
            "depth_file_path": "metric3d_depth_result/rgb_34.png"
        },
        {
            "file_path": "images/rgb_35.png",
            "transform_matrix": [
                [
                    -0.4738101074932366,
                    -0.7399318925819006,
                    -0.47749845693720744,
                    0.5184474621781207
                ],
                [
                    -0.860330176804102,
                    0.27319169286662015,
                    0.43034670421520926,
                    -0.2633971863227008
                ],
                [
                    -0.18797863952446853,
                    0.614708950064042,
                    -0.766026721331373,
                    0.34499161453046856
                ],
                [
                    0,
                    0,
                    0,
                    1
                ]
            ],
            "colmap_im_id": 35,
            "depth_file_path": "metric3d_depth_result/rgb_35.png"
        },
        {
            "file_path": "images/rgb_36.png",
            "transform_matrix": [
                [
                    0.8297494849620752,
                    -0.5522344089738219,
                    0.08095029184940933,
                    0.415428265431728
                ],
                [
                    -0.15542180073520917,
                    -0.0893136464718639,
                    0.9838023868694992,
                    -0.31988157291167263
                ],
                [
                    -0.5360595639118808,
                    -0.8288909639387032,
                    -0.15993721843076925,
                    0.31549362935443603
                ],
                [
                    0,
                    0,
                    0,
                    1
                ]
            ],
            "colmap_im_id": 36,
            "depth_file_path": "metric3d_depth_result/rgb_36.png"
        },
        {
            "file_path": "images/rgb_37.png",
            "transform_matrix": [
                [
                    0.7982656512117616,
                    -0.5967502212699995,
                    0.08161570626827447,
                    0.39941007791634625
                ],
                [
                    -0.11615390820061164,
                    -0.019562845602040968,
                    0.9930385514579356,
                    -0.3025044027010697
                ],
                [
                    -0.590999339851735,
                    -0.8021885492115666,
                    -0.0849312181041586,
                    0.3059649877116708
                ],
                [
                    0,
                    0,
                    0,
                    1
                ]
            ],
            "colmap_im_id": 37,
            "depth_file_path": "metric3d_depth_result/rgb_37.png"
        },
        {
            "file_path": "images/rgb_38.png",
            "transform_matrix": [
                [
                    0.9603419834359272,
                    -0.24363431323336573,
                    0.1355934963988155,
                    0.3813275140365057
                ],
                [
                    -0.16763477177383343,
                    -0.11590766219802262,
                    0.9790117451471785,
                    -0.3041410795777066
                ],
                [
                    -0.22280452899948902,
                    -0.9629162659645414,
                    -0.15215257670582027,
                    0.30380580528962375
                ],
                [
                    0,
                    0,
                    0,
                    1
                ]
            ],
            "colmap_im_id": 38,
            "depth_file_path": "metric3d_depth_result/rgb_38.png"
        },
        {
            "file_path": "images/rgb_39.png",
            "transform_matrix": [
                [
                    0.9480346116923317,
                    -0.2904959268185623,
                    0.12977862510904709,
                    0.37683062047093563
                ],
                [
                    -0.14918678782579622,
                    -0.04559253240937883,
                    0.9877573706769902,
                    -0.2689664181839253
                ],
                [
                    -0.28102255669534953,
                    -0.9557894315644657,
                    -0.08656145295733436,
                    0.28112865044046703
                ],
                [
                    0,
                    0,
                    0,
                    1
                ]
            ],
            "colmap_im_id": 39,
            "depth_file_path": "metric3d_depth_result/rgb_39.png"
        },
        {
            "file_path": "images/rgb_40.png",
            "transform_matrix": [
                [
                    0.9303068580392546,
                    -0.34411341610534996,
                    0.12694529034760205,
                    0.36640995053179226
                ],
                [
                    -0.12386946001207166,
                    0.031005786894814924,
                    0.9918139936779232,
                    -0.2628926932191835
                ],
                [
                    -0.3452325401254182,
                    -0.9384160047843068,
                    -0.013780246848729083,
                    0.25738407334174107
                ],
                [
                    0,
                    0,
                    0,
                    1
                ]
            ],
            "colmap_im_id": 40,
            "depth_file_path": "metric3d_depth_result/rgb_40.png"
        },
        {
            "file_path": "images/rgb_41.png",
            "transform_matrix": [
                [
                    0.9330925474477254,
                    -0.2808661310426621,
                    0.22461637146619645,
                    0.3562220801052684
                ],
                [
                    -0.2559962197266602,
                    -0.08004593674328259,
                    0.9633579726646528,
                    -0.2469619302023826
                ],
                [
                    -0.25259499872953484,
                    -0.9564030868018027,
                    -0.1465909348248033,
                    0.268736836366723
                ],
                [
                    0,
                    0,
                    0,
                    1
                ]
            ],
            "colmap_im_id": 41,
            "depth_file_path": "metric3d_depth_result/rgb_41.png"
        },
        {
            "file_path": "images/rgb_42.png",
            "transform_matrix": [
                [
                    0.94531056231024,
                    -0.15408208125935038,
                    0.2874833091146075,
                    0.3547602720950076
                ],
                [
